11822
35524
11809
11834
320381
107018
963669
964613
3904
2896301
3920
321932
2901647
967199
321203
35693
35867
2885240
323822
322595
323760
2912798
970946
2912961
2916174
2916193
2917801
35861
323633
107906
2915033
324377
36092
107884
2915228
107944
107957
2916110
2924894
108266
36053
2925947
108272
2925970
2926838
325499
36109
324941
108509
3968
12052
320103
2881339
106684
35573
2887757
35624
35632
2890334
963452
963526
107002
2895842
2895814
2895820
965251
2896040
2896091
965396
35723
107285
321978
321659
2900798
322213
322244
322360
2900918
2900992
35762
322435
322147
107405
35775
3923
967235
2909223
3925
107347
2913829
2913829
3938
325323
325256
976403
2929319
108470
2930349
36125
976818
2930559
108014
11971
2924496
324910
2928836
978112
108661
108647
36143
12032
107132
321850
11882
35822
35831
968825
322925
322985
11922
968116
322682
108068
108161
2922545
324725
2920102
2921681
2921870
324881
2924408
1284
976115
36179
2940728
2940731
979235
36212
108770
979435
36224
2938431
326785
326668
326699
36174
326771
2941353
327017
2943567
107687
35909
2912718
972269
2918719
11964
973685
108284
11999
12059
980686
36269
2947153
2928989
2929994
976832
2930619
976751
108532
2931752
325688
36056
12008
108701
327209
2913046
109274
4027
4007
979563
326953
36305
36351
12115
109141
109350
2953849
36446
12090
327812
2950757
12124
12131
986537
328859
2960210
109760
36510
12157
36554
329539
989603
12169
329627
12194
992012
36689
331085
331166
4036
109785
12207
12222
12234
2985239
994949
995246
2985868
332150
4050
332851
332858
109300
2952422
109563
109651
2952489
984724
985453
987384
987428
329129
36548
2962925
328979
2965966
329060
12214
110734
996766
12264
36776
994633
2982913
2984195
995783
12253
332747
1000517
2954194
109507
987181
109645
109766
109772
109702
329437
109879
329179
329039
36601
36603
2971299
2976480
4031
109899
2975205
2970021
110322
994849
2976280
2976281
2976527
110213
993529
331238
36763
12240
2986091
332504
36903
110926
2995734
12227
998845
2993755
998487
4058
332681
2994575
2994758
332720
2995515
2997378
2998517
999066
333168
333217
1000159
3000095
3001620
3001623
12285
2998163
2998230
2999144
333170
333367
3000776
333425
1000396
1000453
1000714
1000700
111143
3001806
3001989
3002307
3003056
1000964
111298
111463
36739
332192
4050
332527
36814
36971
111265
334546
334529
111494
3008866
3009319
36972
333293
3000467
111047
1000538
3001737
37006
1001216
334493
3010916
334247
3008805
1003039
3009267
3011133
3012608
335294
111841
110649
996502
996488
12264
332436
2992742
997615
2992823
36752
110529
331744
995343
2986339
2985968
2985691
996017
2988214
36860
12282
4060
3011943
3011960
37018
37125
37210
12358
111632
111668
3016430
37202
37197
111945
336038
336041
336065
37314
1009472
336035
112096
997565
998039
36914
110862
111095
111531
12311
111332
335863
336092
3025334
37298
1008068
336341
3027476
3027476
12409
37346
37360
336687
37363
1009996
336599
3031046
1011647
337199
337202
112415
3039125
37520
111451
111647
111869
336855
12419
1010237
1012507
337483
112220
37469
3045604
37199
1001086
111386
334757
334831
111785
12408
3029020
4111
12441
112529
1013472
3040261
37564
112826
112943
337879
1014741
3044328
3048181
1016221
338717
1016768
3051628
339028
113011
339429
1018210
1003571
111665
4098
37328
336431
12410
37300
112006
1011836
4133
37205
4153
1337
37444
12647
322403
968140
35715
35768
107787
11969
3944
107865
35950
36022
11946
974639
977930
978213
108703
325808
3971
3979
12041
12044
980030
36260
36264
36137
3984
108346
975857
3963
35974
3959
36017
36008
36067
12019
326149
12011
326687
36233
12049
12053
108932
327305
12062
981464
2944547
36338
2942742
2942601
326963
2943113
2943102
2943108
108971
2947713
2947730
36329
982202
982297
109208
328943
109274
12143
109337
12119
109557
109776
109880
329720
109571
36473
109615
109910
989589
12138
329610
2949654
2949613
2949786
328543
3992
328638
4008
328106
36421
12128
988464
990003
330578
991855
110293
12184
2990417
2994211
12173
991049
109994
12194
36722
12161
110204
36854
2989706
332213
998462
36848
36895
3011587
4070
37083
4077
111729
4070
111205
3003897
111224
111878
4088
112112
12412
1006905
335672
37261
1011366
3029273
37407
112352
4064
333458
334007
111471
12354
4084
12356
111657
37049
111324
37085
335618
111925
3000022
37208
111704
1005789
111733
1009205
12392
112223
1009258
1009606
112250
37319
1008893
37373
37424
1011758
112454
3036625
337390
37445
3042120
338006
113195
112331
3034309
112732
112940
113201
113156
37659
1019230
37613
340420
113450
37686
3056655
113257
113241
113471
37809
37865
4163
12590
341650
36212
11919
323212
107924
974152
2915845
107957
108022
108732
36200
326263
2934506
326086
980164
36254
108929
109081
109012
981958
981971
3974
12033
326768
977660
36220
36199
36231
36260
12071
3992
109102
12087
2950349
979216
981841
2948426
109235
109334
328138
984527
108982
109011
327252
12083
2947439
109229
36381
2954088
109472
109442
985676
986351
12122
986309
36471
328708
982291
327635
2951297
109346
2954419
2954420
2906495
36430
36507
109782
987830
3983
36690
2976190
36709
991291
2974971
2974944
992747
36624
2974017
2974068
994583
110522
109532
986636
328855
12148
2962284
2962284
988214
12154
109862
329738
329761
109749
109887
12140
110063
331456
110698
332217
36903
36965
333098
2998293
999972
3001264
3001220
36939
1000052
3000377
3000600
3000573
3000714
3000786
111012
4067
331583
2987636
996469
4046
2986589
110616
110722
110738
332608
996176
332752
110894
3016125
335784
37411
1001753
1001750
3005628
1002278
37073
111393
37199
335270
335282
37184
111779
1007231
37208
335378
335390
335876
3023313
3023330
3027755
336497
3028911
1009451
3028910
1009617
1009580
112154
112170
1010270
3032445
3032445
336910
1011242
337273
37345
3030383
112098
3032534
3032653
1011071
3033987
3034055
3033941
1011324
1011349
1011755
112418
3033650
3033820
3034037
3034799
3034973
1011641
3035170
3035184
3035031
3035048
3035291
3035291
3035642
112392
1011875
3035663
3035667
3035755
3035966
1012289
112454
1012565
3036964
3036964
3036964
337438
3037355
3037368
337460
3038591
3038665
3038403
112499
112037
112067
336308
336393
3027980
3028049
3028059
3029855
112168
3029838
37374
3031710
3031727
3031868
3028242
336425
3028228
3030194
112205
1010336
3031287
112238
3028898
3028602
3028619
37353
336581
1010040
1009796
112154
3029546
1009832
3030362
3030641
3030131
3031652
1010534
3032268
3032241
3032292
3032380
336947
112143
1010010
112205
3032531
3031513
3031922
112340
337233
1011824
3035595
3036216
112424
3037686
112472
1012683
112575
3038033
3037970
3038025
1012750
1012925
3038255
3038491
1013083
3039582
3039582
3039588
112523
1013111
1013154
3040593
112583
3041156
3041183
1013711
112616
3041190
3041424
337889
1013753
3041957
3042137
3042584
3042584
1014263
37512
1014146
3042818
3043047
3043054
1012700
3038236
3038654
3039797
3039856
3039856
3039875
3039924
1013142
3040453
3040504
3040562
3040566
3040583
3040908
3040932
3041020
3041071
112643
3041530
3041639
3041639
3042054
3042107
3042381
3042387
338030
3042717
338036
112653
3043020
3043218
1014385
112685
1014644
3039959
3039959
3039959
112580
3041106
337883
3041393
3041681
3041750
3041736
37503
3041831
1014195
3043830
338144
37534
338297
3045152
112516
338588
112691
3047263
1015375
3046232
112784
338628
1016009
1015995
12493
37580
1016366
1016516
1015523
3046699
3047312
3048653
3048653
112856
1016588
1016600
3051294
3051335
338391
37548
1015840
3047561
1015954
3048299
3048299
37582
3053214
3053690
3053685
3053704
3053730
3053817
3053862
3053786
3055028
3051979
37679
113151
339604
338576
37601
12502
12504
340418
4093
112105
12430
112294
12404
336334
37339
336377
336404
1010644
12409
1011424
337820
112583
1016237
338834
338872
340211
113729
3076313
3076362
3084232
3085403
37572
340861
4158
341048
113831
113903
341641
113762
113946
12630
114341
114403
4184
114264
38122
113923
38048
114609
344029
345044
36613
330076
993136
110233
12223
993943
108869
979769
36578
2960018
36446
985322
329406
12176
109451
328450
985773
985853
985754
985746
36466
2958362
109522
2960210
36494
986715
109589
109597
36509
987397
109677
329156
329268
329396
2962695
2962716
2963107
2964152
329777
329920
12172
329786
2962640
36632
36506
987659
2963612
36536
109817
988817
2967851
989303
12162
989237
109859
2967277
989069
329984
109943
330554
36685
991909
110107
36673
2969131
2969162
2975088
110138
994706
12199
12191
12233
12241
36665
991343
2978165
2978328
2981628
331042
994193
2984798
994768
36851
36860
332543
2978204
992738
331053
331414
110456
36815
2986910
332117
2990855
2990873
2990873
2990873
997655
998474
331651
2985469
110699
2991734
2991738
2991744
36899
2993360
332597
2994293
36905
2995734
110789
2994770
110873
332861
2997755
36962
2998220
2997794
999249
2997868
110921
998513
2995730
2995734
110962
2997362
12287
332486
36905
999065
333029
2997875
2997887
36959
2997112
111104
2992109
2992145
110786
36940
36953
998348
998972
36992
3000359
111084
1000581
1000619
3001574
111176
111211
3004052
37043
1001560
1002149
1002595
12288
2998919
2999045
2999045
999761
36983
111203
1002056
111371
111158
111271
333931
111301
37058
37133
1005328
331137
2982193
331574
994849
110510
2985117
331940
2988556
332604
332630
36982
331533
2992529
2992584
2992584
2992584
2992367
997439
2996525
998849
1000525
111149
111205
3003857
37043
333940
111295
3008672
1002440
37223
3012860
12361
1006291
1006852
335594
3020760
3020776
335258
335387
1006551
3020099
3020243
37234
3020378
111863
1007166
3017642
1007252
335759
111718
3018975
335477
3019756
3019760
335422
335625
1006910
3020894
3021056
3021289
3021288
111844
3021758
335685
1006919
335615
3021107
3021403
3023051
3023120
3021711
1007087
335580
1007138
3020267
1008173
3024867
1008071
3024310
3024593
3025552
3027475
1008800
1009101
336515
3025682
3025682
37376
1009004
1009135
37329
3028242
336449
3031120
3032274
3031663
336866
1009549
3030023
1009979
112202
112313
3029809
112157
3029627
1009946
3030149
3030491
112190
3030488
3030525
3030780
3030851
336711
3031101
1010366
3031221
1010924
3032895
336929
3032435
1010795
336938
3033326
3035837
1010307
112201
3031179
3031247
112239
3031779
1010568
3031842
112319
336962
3033105
3033347
337178
337025
112359
3023390
1009670
112172
1010027
1010053
37358
3030140
37361
3030923
336808
1010729
112290
112514
3039266
37334
37346
1334
12448
337554
1012832
112725
338576
12516
339397
37532
3050081
338654
1016750
338900
338903
3050606
338907
37583
112893
12491
12534
113369
113387
37777
12631
112492
112649
112682
338135
1015013
1015019
113022
114107
38068
342490
113569
341011
113852
4172
1361
38196
1032463
114572
344072
114919
344612
114939
114617
4220
110774
2996181
110522
1001462
989370
2968215
110723
1000169
111472
334476
36785
12239
12253
999507
12332
36830
36881
997187
997239
2993161
2993192
2995328
2995328
36917
2992806
332500
2993521
997817
2999378
2999378
1000405
3003772
3004274
37058
334001
37282
37289
112180
112187
1008214
37333
12365
37364
3033325
3031498
3031567
12436
112352
37448
337619
1014686
3050833
1017830
340259
1020734
12551
113843
336095
112265
3032369
112119
37340
1009702
1010087
337160
337070
37402
37438
337382
337468
112554
37535
1014833
338261
338470
338603
338606
338888
112946
4139
340072
1020338
340065
340802
340815
341038
113673
113831
12437
37500
37438
338473
1015561
37568
1016213
338639
338853
3051345
3051628
337548
37467
112581
12503
1017722
1017803
1017090
339362
338078
3052393
338574
113108
113239
112790
37639
37739
339878
1020086
37775
37810
113573
341641
341692
37814
1023608
341900
113960
37881
341444
342072
342197
114062
3081116
342226
3084127
342502
342568
38015
342617
114344
1027592
4149
113519
1022072
340652
3066373
340272
1021120
113557
341174
341254
113855
113795
113837
113909
1027242
12605
12605
343880
3095560
3100649
3100653
1033922
38269
3102602
1034445
3103460
1019492
38174
114642
1035160
114902
1034597
37889
4219
115274
115004
345519
1037000
346163
115465
419
114534
345608
38365
1037983
3116563
115390
38425
12641
343550
3092396
3091975
3092042
114653
344946
12734
12725
3102645
38324
12788
1041887
38525
3097358
3100139
3111074
344789
38248
12723
3104552
3104572
1034834
115013
38305
1036109
3108926
3107037
115178
1037486
3112791
1037675
3115529
1039430
1038944
1035947
3108440
345579
345445
346140
1038541
1038577
38423
12788
38369
115346
3115689
3115730
3115742
3117797
38552
346360
115430
1043102
4238
38626
1045331
3137919
3137936
348638
38718
38590
115916
1043723
3132539
38609
3131356
3131759
3130816
1043582
347858
3131208
38626
116024
116018
1045493
348488
116177
1046477
1046489
3142136
3142210
3143045
349175
3141716
1048421
38714
3142607
1047503
3142811
1047611
1047623
349188
1047599
349206
349203
116423
3145166
12906
38852
1050392
1049318
3148077
3148731
3148774
3149066
3149177
3149177
1049897
1049905
1049867
116717
3140408
1046786
993005
331459
12191
991771
36660
36686
2976344
330679
994295
110468
331540
2994901
110884
332921
36983
36980
110916
110874
998398
3018067
37153
111949
37243
4088
4094
37027
333731
333584
12380
3020084
335539
12404
1009024
37333
336041
112477
1012507
337483
112676
37522
37554
37515
112748
4112
12499
37425
1011874
1343
37353
37352
3036859
336430
337413
4104
3047169
37559
338536
112819
1015545
1015563
37633
112991
37655
37686
3063684
113789
37800
114221
3027492
338117
3045245
3054251
338888
1015984
340211
37816
340736
4160
12616
37956
37972
114077
1028645
3086058
4178
38048
1028640
4197
12616
37919
12665
114197
12657
1024715
38072
114610
1029149
114799
114821
3093477
12700
343856
1032155
1032683
344207
1033193
343922
343883
3095372
1032008
3096012
38184
3097627
343984
114656
1032321
3098288
114674
3099089
3099163
114779
344277
114731
1033133
344349
3099959
114659
114658
114718
12705
1033949
3102257
114982
345537
12734
12737
3108515
115069
1036364
346190
342398
114068
114193
114068
3086729
114345
1030089
3091083
3091100
4192
1029638
3090995
4184
1033240
38190
1032877
114750
1033047
38197
3098034
1037080
1037131
12773
115382
3115175
346557
38575
38505
347636
1036078
115696
1043117
116069
347462
3129129
3125335
347582
115945
38626
116063
116371
349280
116463
116508
3147018
116555
4253
116246
38765
350516
12425
37099
12352
4085
111641
37244
335799
1007554
1007567
37136
37152
335208
12410
112256
337223
112418
1012588
112165
112545
1013488
3040945
337793
1013605
3040882
3044098
3044096
1014673
338201
112707
3045421
112732
1014562
112818
338657
112992
113042
112966
113111
1019060
1021070
3064151
113573
112810
4121
12499
339120
12657
113205
113223
113201
113844
114177
114233
114413
343440
344500
1038400
3117994
12635
115340
348091
115669
347457
12835
1032337
1032491
344228
114952
344922
3104808
1034924
115064
115107
345384
1036259
115094
115103
3109916
115150
3113539
345907
115246
3108382
1037379
12771
1039754
346714
115508
3123305
38578
1046963
38763
38743
12871
12872
1046917
38731
12893
349688
350633
12996
1399
39323
3172566
3172822
39230
1063913
1004762
334931
335064
335066
111709
111826
112340
4106
3039374
1011809
3047112
338069
37540
1014222
3029084
1014634
3052411
12537
340733
37738
4108
4108
3046482
3044213
338005
37623
113299
3070022
3070153
340016
113606
341678
1025326
3066235
1022491
3069999
3069913
341074
37906
113778
341699
37933
1026004
341978
3078308
1025922
3077828
3077828
3078103
3082455
114139
114068
37906
340455
1021514
113623
1027816
114398
38064
343226
1029710
115172
12736
38354
38489
3132125
3132144
3134086
116077
1044845
3136834
348035
12848
116311
3147293
3147389
1049959
350031
38996
3163452
351467
39028
1056104
39294
39323
39160
13030
1059975
3182449
3182111
3182548
3182709
3183465
117862
117737
3199683
356245
356238
1068871
1068884
1068100
1068083
3203730
3207614
3207580
357163
340785
3067744
3067779
12568
113446
4169
3078443
339263
12592
3075415
114164
114788
3103344
12757
115590
1040861
3123163
1041438
115694
3127443
3128813
3083519
1043274
3136073
3136076
348407
348581
348593
348655
3107441
1035841
38330
1039602
38468
1044398
348117
3128732
3131751
348068
3131336
116024
116060
1045019
1045004
1045007
1045289
348413
3136898
116283
3142292
1047206
38771
1048502
38670
3136763
1046217
3138707
3138923
1046327
3138329
3136439
3138336
38678
12867
38707
3140528
3140346
3140472
116280
1047013
3141288
3141840
3141848
3141883
3141773
3142111
3141997
3142565
1047499
116341
116317
116404
3143040
1047611
1047680
349217
12901
1048950
3148914
3149381
1049759
349790
3149054
3145975
3147045
3147092
1050045
349968
3150401
3150593
1050206
1050170
1049582
38840
1050608
1050620
350173
38864
38870
3109526
3110669
345947
3111641
3113009
3114854
3115023
12779
1039688
3122738
12800
3124510
1040861
38522
38500
3114641
3114641
3114787
3114811
3115532
3117568
1039631
1039781
1039793
1039928
346557
346625
3120116
1039376
346442
3118377
3120794
3121319
1040423
115611
38492
3122150
3123654
3123726
3123743
3124929
3125450
3125492
3125600
3125600
3125690
3125816
3125863
3124729
3125511
3126098
3126054
3126221
3126353
3126515
3126278
3118139
3118409
1039808
3121132
3122639
346622
1040019
38483
1040348
3121315
346766
3121442
3121455
1040522
1040617
3123822
3124040
3124089
3124846
3125249
3125060
3125301
1042211
347387
3127443
38591
3131120
1043690
1040309
346610
1040078
3120992
3120992
3126044
12836
12842
3134058
3134171
3134706
3134568
3136925
3136247
3136627
3136625
3136871
3137454
3137579
3121346
346876
38500
1041725
347259
38549
115683
3124855
347480
347500
38575
1042861
1042939
3126849
3126900
3128636
1043669
3131269
38622
3132798
3132815
348080
38678
348581
1042315
1042588
1042639
3132925
115991
3133916
3134089
3133625
1043183
347711
115847
3138077
116240
38714
348294
349066
348893
38609
3144809
116236
38644
12866
38828
1049281
350054
350160
3153309
3142945
3153620
116975
3159984
3159991
3160005
38893
3151262
350207
3153687
350120
3153746
3153875
3152985
1051225
116780
3154581
3154581
1052216
116848
3157931
1052627
1053146
351032
351106
1052871
351173
117041
3161411
1054106
3162462
117099
3165823
3162413
3162413
117126
351485
3164973
3165958
3165383
1055111
3166230
3152045
1051417
1051568
3154821
3154913
3154913
3155459
1051985
1051997
1052012
350558
1051799
1051850
3155679
3155685
1051874
116848
3156551
1052186
3156316
3156491
3156597
350684
3156605
3156896
1052285
3156983
3156956
3157013
3157013
3157013
1052399
1052243
1052300
1052342
1052320
1052351
1052405
350752
3157676
3161814
3161841
3161858
3164693
3164696
3160953
3162207
351397
1054210
1054241
351461
1054665
3164805
3164986
351656
3165857
3165857
3165957
1055285
117203
1055711
1055495
351188
3161171
12971
116839
116839
3155975
3156851
3157337
350849
1052591
116918
1053482
117032
1053767
38978
3161630
351276
3160889
1053412
3161456
3161927
3162683
39032
3167550
3167651
117257
3171080
351022
4279
1049042
12905
1388
3155073
3155090
1394
117446
13033
3171512
1057157
3175779
3175413
3175571
3175659
3176546
3176541
3177042
3178278
3178628
3179070
3178887
3178904
3178904
3178997
353048
353051
1060166
1060267
353399
353402
1063352
4295
13001
39114
3175101
117719
3186462
1058450
1058467
1058453
38063
343919
3110381
12831
38867
116802
38882
3192569
39279
3183527
354056
3185822
353937
1061950
1062079
39368
354775
118584
13108
356384
356492
13180
1072191
3220122
3221447
13218
13097
3228014
358310
1079339
345653
347517
38661
4268
1050411
1050384
350339
38889
3131873
349921
350095
350783
117148
12937
3168512
39101
3171421
1032676
1035083
343547
3092382
1033463
114762
38232
38117
12692
114742
3114147
346096
346004
1038515
115462
115494
12821
3125230
38657
38588
115834
12828
115851
38627
116174
4240
347366
1042697
1042771
1045297
348623
4244
348483
348654
1383
348458
1372
115277
38519
115984
3119432
38497
347039
115777
115760
1043374
1043630
3131020
3131034
3131158
3131189
116381
349195
116375
116612
350512
12941
12954
1053338
39025
4300
4282
3164668
3164668
117164
38675
12876
3142498
349136
3145237
12905
12902
4274
4281
349991
350056
350213
349925
350255
3151701
350872
3161296
38992
39016
3170162
39033
12990
12993
39094
117390
352379
3171825
352274
3183824
117895
117933
1061558
39300
354367
353479
117795
3182177
13040
1060772
3183884
1061708
353534
353537
1060945
354747
118258
3185353
13060
4315
13070
39311
353561
4316
3191465
4316
354056
13086
118173
354668
356196
3207322
1069345
4364
3222349
357211
13211
13244
119189
3188402
13261
13213
1076729
1075444
360787
3247649
3247649
3248569
360916
39982
13302
120150
4400
13348
361753
363373
3281348
1093766
1093769
13393
4448
13455
3105602
1037578
1037612
1040278
38357
115546
346649
3125176
3125380
3124062
115667
38534
1041830
3125231
3125231
1042196
346591
3122092
347951
3132330
12860
38605
38554
115837
3130601
3128637
3128496
3129008
3133608
3133625
38624
1044167
1044371
38651
349130
344032
115964
1044229
4247
1030674
348645
12850
38649
1045476
116225
1046566
1046866
12885
38769
38783
3144552
3147285
116513
38798
349808
38864
116742
116744
1052803
38895
116797
3156710
350309
116852
3156081
116851
349887
3149420
349932
116657
1052078
1052452
38937
38937
116606
1053802
116954
12952
4283
4243
38631
3136436
116148
1045663
1045559
3138665
38712
116261
348866
349005
349148
3143918
38764
1053674
3161232
1054141
1054216
117009
1055630
38909
1052309
3157468
1053023
1056601
39129
3166580
1055686
351945
1055989
3172629
1059029
1060558
12999
3172120
3172500
352464
3172869
3172869
3172869
4301
3175583
3176260
353698
39240
1061690
3185350
3185351
39269
3185321
1057774
3173961
3174254
3174368
3174372
3174388
1059447
117641
4301
117716
117719
1060024
117734
354128
3187615
354131
118015
13078
39299
13059
1062974
354518
39350
3193212
354775
355141
39464
118501
39353
3194610
3196975
3196975
3197258
1064750
3194373
3196044
355388
1065956
118303
3196170
13116
39436
3202731
39481
1067216
356178
355966
356185
356132
3207011
118847
39531
118766
118796
356861
13168
3210194
39596
4337
13125
355724
1069153
4349
1068709
355457
118714
3206126
1068693
1068967
1068965
3206253
39550
39572
357317
119470
4382
1075288
1075417
358444
358291
1075486
358681
119562
359057
359131
1077457
359125
359230
1077803
359336
1078193
1077919
359491
3237230
359585
3236821
359605
359556
3240008
359140
39854
359183
359191
359189
3235411
39853
3231826
119687
359638
40001
3243292
40006
13329
3250061
3250107
361314
39989
40061
120762
362559
1090657
3272694
120806
1088994
3267087
3267501
3267518
40530
364241
364607
40492
40702
40851
3313307
4484
1102948
350236
117094
1054123
117395
1057034
1057046
352329
3173204
12963
12972
3171689
1060114
39181
353078
353221
353235
12990
13002
1057655
352565
39031
1053067
3159479
1053145
1055806
3167219
3167854
351952
39033
1055267
3160664
12967
1054060
39014
351605
3168855
352142
3169757
1056569
3169784
3174590
117754
353560
3140084
1047287
3188149
1062747
118069
354590
39485
355834
39512
118790
39495
1068928
39531
118767
3200726
1070843
1063741
355214
1413
39485
1421
1078770
1081423
120200
13318
13279
13302
120216
360773
3247436
120221
3205358
3207110
3243489
3204056
3244855
1082656
1084140
4420
362029
40181
121096
3259802
1089538
3264308
40250
362314
120962
121183
40214
120931
4424
363343
364700
3284858
1094952
121873
122169
122483
1102658
1102892
12986
13033
352376
117227
12992
117433
353605
1056965
352302
353051
3178012
117785
3181301
353522
39259
1063780
1064650
3194161
3194192
1064714
3194295
3199049
3199049
355409
3202224
3202234
1067386
3204129
356084
3205182
118661
1068845
39464
118448
351335
351545
117365
39158
352805
3177209
118361
39452
39462
3206463
39528
118775
39187
1400
39373
13096
3204756
118753
1407
118078
1063394
1063537
355472
4367
359726
1075009
3241319
120346
361541
3257754
3257771
3257214
3257231
3259285
120373
40463
13415
1091291
4453
3248385
40133
120716
1086935
362292
362398
120998
364937
1095686
3287185
3287186
365111
3287089
13473
365117
40534
365440
40565
1097815
365699
121883
4422
13391
120998
40317
363279
121072
40215
120945
3267119
363080
40351
40394
363945
1091960
40499
366825
1100596
3301977
3302361
3302377
1090448
364364
40765
3306864
1103971
1103984
13505
4511
3274983
368561
368822
122753
40936
13605
3321449
122996
40964
123062
3276854
123230
123107
3325354
369473
123170
1109046
369662
369845
3331571
370138
369962
40695
366701
122168
366670
366784
366913
366913
122272
1101225
3303801
1100903
122339
122291
366987
3303344
3304769
1101350
367118
367184
3304292
39118
39128
4310
13019
117608
39311
354234
3191187
118187
354776
4329
354806
39376
354899
13129
4342
355415
3199139
118039
3150855
354609
3192174
1064754
13092
13095
118579
355753
1067899
355943
1068656
3206444
39388
119050
118379
118425
118442
355515
3200065
1067128
355688
1066973
355623
3200764
3200981
4340
1067945
39491
39545
356315
39565
356114
39547
3206633
39570
39571
3212089
357133
1070303
13163
3212823
356897
3212573
3212579
1071290
357026
357059
119039
357420
356493
1069696
39589
1071788
1071761
1072135
3216748
1072610
3218256
39666
118783
39657
1072138
357140
13184
1062596
354267
354575
3191754
118202
356448
1069402
3194728
1064909
354940
13098
39416
39422
355602
3201251
3199804
355589
118380
118733
356635
118952
358030
119161
119108
357449
119120
1074067
357994
3222704
1074248
3222867
3224853
1074935
3225067
119390
119594
1076161
3229424
39802
358688
3228366
3228879
3229481
3232883
1077874
39883
3226151
358421
3226740
3226781
3227406
3227423
1076111
3228477
3230885
3230257
1076592
3227874
119545
1077002
119629
1077403
3232338
119557
119591
3232250
3232587
119783
119803
3232532
1077494
359153
3235218
3237852
3234499
3235635
3236472
3236543
3240287
3237501
3238565
1079489
3238286
119936
3239610
1080014
359976
3240215
1080132
3239857
3239979
3239979
3240207
3240435
360002
360023
3240573
3239400
3239405
1079843
120050
3242676
120018
119885
1079849
1079861
360032
3240767
3240793
119978
360133
3241604
1080518
3241659
13260
120037
1081469
360473
3220548
357799
3227835
3227879
1077213
3232209
3232209
3232209
1077412
3232838
3235210
3235282
1078405
3235917
3235933
3234600
360828
40041
1083127
1083265
3253513
3253553
3254151
3254197
1091018
121183
3273897
3274021
3274018
3274153
363782
358154
119289
13214
1074585
120110
120289
120112
360412
361064
120450
13372
13376
120751
362108
120771
362467
363080
119744
39889
3238159
3244620
3249838
1083020
120239
1083629
120393
3255773
4396
360500
3246459
360230
120104
360456
120379
3253202
1084478
1084975
13466
121712
3288464
40548
1096210
3292888
1090368
13444
1091829
40392
121291
1092100
364010
13460
13446
364588
40508
121787
1097983
1098112
366010
366110
122006
3294794
3299195
3297585
3297910
40542
1097776
121939
40494
1094803
122016
366743
366937
122326
122342
1101540
13535
366833
366845
13550
122410
3306458
3306470
1102137
367265
367226
1102263
3307066
3309275
122152
40694
1100060
1100082
40727
1102402
3277401
13472
121808
364700
3282613
3283076
121514
3282266
1094072
3282321
3283859
1094708
3284375
3284381
121595
1094834
364982
3284800
1095873
1094530
3283017
3283784
1094579
121589
3284291
3286265
3286265
3286271
3286266
121691
3287045
1095296
3288237
365420
3289193
121556
1095016
40512
3285398
3285587
3285642
3285770
40530
3287058
3287081
3287099
1097057
121738
121769
121901
1096751
121836
121865
3292986
3290906
1096954
1097984
3291879
3291900
3294916
3294916
3295747
3295767
3295855
121919
3293849
1097933
1098218
3294759
3294759
3295115
3295130
3295151
3295461
3298926
3298962
3295847
3295881
3295986
122048
3295793
1098581
3296297
3297332
121916
366083
4474
13519
40683
366582
1100219
1099686
3299163
1099712
40747
367388
1101684
1102109
122455
13570
122309
1101260
13544
122401
1101503
122326
3305748
3307511
3307511
122505
367284
3306265
122416
3309089
3307916
1102623
122430
3307272
3307289
122465
1102818
3308386
3308417
122594
122482
3310743
3308781
3308781
3308802
3309563
3311935
367938
40854
368147
122689
1103981
3313208
1104386
3313674
3314065
3315145
368310
3315950
3312775
1104245
40866
3314381
1104771
368230
368278
3316066
3317582
1105732
3318527
122733
3315655
1105451
3316629
1105649
122866
3318603
3318622
1106810
3316102
3316853
3316865
1105602
122792
3318080
3319687
368748
3320059
1106906
368783
368951
3321443
3320294
3320294
3320300
122876
1106303
3319014
3319671
122928
3320310
122923
3321105
13630
368696
3319158
122899
369905
3301832
1100956
3302973
3333712
123417
3334421
3334557
13561
122708
3313474
369491
1109227
3325878
369570
123125
369445
370004
370157
1111297
4527
123653
123794
371760
3339208
3346817
4556
1122388
3369027
1491
368275
368495
1106111
3320597
122953
13618
368941
369451
3324050
3327337
123204
1109281
123206
41040
4516
1112461
13684
13673
123266
3335159
1111703
13676
123550
3342563
123746
13706
372114
13150
4369
356843
118934
118902
13188
358582
39874
39947
119849
119861
39867
39917
1077631
13276
39959
4403
1083342
40079
3250420
120292
40028
361321
40121
359057
3231918
119596
358994
13255
119821
1080509
360434
3233770
39990
120115
13310
39875
3234076
1078283
39866
3235664
1079159
1079375
3236978
3240318
3240326
3240350
3240146
4391
359956
119881
119960
120083
1081300
3242228
1080710
39978
1080971
3242900
3243986
3244152
3244608
360626
120144
360284
360287
3246833
3246833
120230
120172
1082291
3248126
13317
40052
1083110
3238931
360509
1081577
3246918
120229
120196
1082333
3249353
1083101
3251338
13296
360435
1080902
120068
360580
3245370
3245411
1081788
3246734
40087
361200
120275
3248887
3248543
3251247
3251264
120504
40139
39962
119995
360163
3244724
40019
360500
40037
120221
360779
120281
120439
1084320
3241309
13325
1084442
4412
1085885
1086155
40169
3264785
3264816
120470
361475
40154
361877
361703
120551
3259700
1086736
40193
3265472
1088474
3257340
3261095
3261095
40231
1087625
120786
3266429
3266429
3266435
3269510
3269514
3257043
3259069
1086356
363176
3271296
3269654
1087220
3262259
362546
40215
13380
1088051
3265229
1088860
3266309
40283
1089278
120995
120976
3273430
1090519
3271707
3271707
121168
3272883
363596
1090942
363666
1091150
1091333
3274149
121233
1091177
3274706
1091552
121298
1092173
40409
121318
1092653
364161
121355
121012
40304
3270300
40343
1091067
121151
3273437
1091129
3275921
1091957
1092038
3276199
1092566
1092566
364175
364466
121382
3278384
3279614
3282132
3283400
1094477
3284328
3283571
1089881
13406
1091378
1091054
363668
121322
40472
121496
121394
121409
364487
364568
3282301
3282989
3283084
3283955
3283955
121490
3276839
40421
364235
1093133
40436
40439
121476
40460
3281942
40490
362302
363510
3272002
40150
362270
362819
3265927
4430
3274718
363825
1091522
13443
364426
122108
122078
122729
40853
13632
123331
41161
41147
4526
41308
3345831
1478
123899
373892
373895
125237
41742
4583
1079129
3237496
1079267
3237924
1078372
1077631
1081276
361082
120344
40094
362407
3262016
3262090
120623
13371
3253773
361487
361513
3256861
361826
3256884
13357
362054
120668
3259380
3264444
120640
3261603
362421
120959
40322
121077
363401
13455
40271
13443
359146
360568
1086655
3260115
1087927
3263897
13424
1093425
363836
40382
40439
3280143
121718
3288769
3292657
121970
40688
40133
4419
1082626
40118
40109
1085924
120767
1087787
1087492
362497
3261116
120802
1087924
1087988
40148
1086223
362237
362459
1087513
40277
363292
4431
40310
363354
3279364
13454
1091228
3261128
1091432
3278256
3278589
3278037
3278090
121437
364432
40466
1095914
13478
3288302
1096574
1097011
121845
365803
365375
1096400
365450
365496
1093781
364607
3281960
3293481
1098255
3294520
40641
366185
122045
1098957
3297053
365225
3287257
3287269
122141
3299082
1100273
1099208
366421
40829
368282
13449
1096975
40813
40802
1103666
122649
122681
1093862
364604
364607
364879
364917
13469
3295805
3295805
3295811
122391
40763
3306713
367897
368252
3315789
367130
13550
367851
1106281
122884
13606
13589
122880
3326536
122499
3308872
13557
368594
122450
40883
370791
371107
368912
1107130
1107137
1108294
1476
41123
13689
41169
123618
370921
1113864
